crossing time (s)	slope (V/s)	crossing number
281474976710655.000000	-143.734833	2631	0.000000
281474976710655.000000	Inf	2632	0.000000
281474976710655.000000	-138.127243	2633	0.000000
281474976710655.000000	-138.738739	2634	0.000000
281474976710655.000000	-141.066452	2635	0.000000
281474976710655.000000	Inf	2636	0.000000
281474976710655.000000	Inf	2637	0.000000
281474976710655.000000	-119.135231	2638	0.000000
281474976710655.000000	-127.685448	2639	0.000000
281474976710655.000000	-61.113235	2640	0.000000
281474976710655.000000	-134.949127	2641	0.000000
281474976710655.000000	-65.941193	2642	0.000000
281474976710655.000000	-125.710190	2643	0.000000
281474976710655.000000	Inf	2644	0.000000
281474976710655.000000	Inf	2645	0.000000
281474976710655.000000	-119.634048	2646	0.000000
281474976710655.000000	-59.385300	2647	0.000000
281474976710655.000000	-112.699516	2648	0.000000
281474976710655.000000	Inf	2649	0.000000
281474976710655.000000	-108.002846	2650	0.000000
281474976710655.000000	Inf	2651	0.000000
281474976710655.000000	-112.883270	2652	0.000000
281474976710655.000000	-102.495163	2653	0.000000
281474976710655.000000	Inf	2654	0.000000
281474976710655.000000	-56.615559	2655	0.000000
281474976710655.000000	-210.163940	2656	0.000000
281474976710655.000000	-50.315712	2657	0.000000
281474976710655.000000	-98.168121	2658	0.000000
281474976710655.000000	-203.690063	2659	0.000000
281474976710655.000000	Inf	2660	0.000000
281474976710655.000000	-94.745689	2661	0.000000
281474976710655.000000	-89.393669	2662	0.000000
281474976710655.000000	-92.146866	2663	0.000000
281474976710655.000000	-85.241257	2664	0.000000
281474976710655.000000	-94.963013	2665	0.000000
281474976710655.000000	-44.859341	2666	0.000000
281474976710655.000000	-183.051575	2667	0.000000
281474976710655.000000	-93.128334	2668	0.000000
281474976710655.000000	-42.260403	2669	0.000000
281474976710655.000000	-88.891212	2670	0.000000
281474976710655.000000	-92.436676	2671	0.000000
281474976710655.000000	-177.402328	2672	0.000000
281474976710655.000000	-84.671677	2673	0.000000
281474976710655.000000	-84.607475	2674	0.000000
281474976710655.000000	-55.385231	2675	0.000000
281474976710655.000000	-79.568275	2676	0.000000
281474976710655.000000	-84.834457	2677	0.000000
281474976710655.000000	-76.424057	2678	0.000000
281474976710655.000000	-35.403072	2679	0.000000
281474976710655.000000	-144.232773	2680	0.000000
281474976710655.000000	-72.379684	2681	0.000000
281474976710655.000000	-50.354210	2682	0.000000
281474976710655.000000	-69.989449	2683	0.000000
281474976710655.000000	-71.758438	2684	0.000000
281474976710655.000000	-74.951508	2685	0.000000
281474976710655.000000	-52.940453	2686	0.000000
281474976710655.000000	-145.748718	2687	0.000000
281474976710655.000000	-45.249245	2688	0.000000
281474976710655.000000	-70.755005	2689	0.000000
281474976710655.000000	-33.812317	2690	0.000000
281474976710655.000000	-66.099312	2691	0.000000
281474976710655.000000	-62.570267	2692	0.000000
281474976710655.000000	-63.541882	2693	0.000000
281474976710655.000000	-80.871841	2694	0.000000
281474976710655.000000	Inf	2695	0.000000
281474976710655.000000	-60.595146	2696	0.000000
281474976710655.000000	-42.410000	2697	0.000000
281474976710655.000000	-65.790833	2698	0.000000
281474976710655.000000	-60.053249	2699	0.000000
281474976710655.000000	-80.481514	2700	0.000000
281474976710655.000000	-39.821014	2701	0.000000
281474976710655.000000	-62.590694	2702	0.000000
281474976710655.000000	-74.830612	2703	0.000000
281474976710655.000000	-35.846264	2704	0.000000
281474976710655.000000	-54.151333	2705	0.000000
281474976710655.000000	-51.827469	2706	0.000000
281474976710655.000000	-50.821754	2707	0.000000
281474976710655.000000	-47.758102	2708	0.000000
281474976710655.000000	-38.511532	2709	0.000000
281474976710655.000000	-56.202778	2710	0.000000
281474976710655.000000	-67.956375	2711	0.000000
281474976710655.000000	-49.693760	2712	0.000000
281474976710655.000000	-51.940136	2713	0.000000
281474976710655.000000	-72.165428	2714	0.000000
281474976710655.000000	-39.817711	2715	0.000000
281474976710655.000000	-32.553307	2716	0.000000
281474976710655.000000	-46.973038	2717	0.000000
281474976710655.000000	-47.624660	2718	0.000000
281474976710655.000000	-43.793827	2719	0.000000
281474976710655.000000	-41.956856	2720	0.000000
281474976710655.000000	-50.532745	2721	0.000000
281474976710655.000000	-42.607674	2722	0.000000
281474976710655.000000	-33.344990	2723	0.000000
281474976710655.000000	-40.315983	2724	0.000000
281474976710655.000000	-41.622627	2725	0.000000
281474976710655.000000	-39.778618	2726	0.000000
281474976710655.000000	-45.709248	2727	0.000000
281474976710655.000000	-43.107468	2728	0.000000
281474976710655.000000	-32.957161	2729	0.000000
281474976710655.000000	-38.847507	2730	0.000000
281474976710655.000000	-35.789661	2731	0.000000
281474976710655.000000	-40.611656	2732	0.000000
281474976710655.000000	-42.093861	2733	0.000000
281474976710655.000000	-35.182854	2734	0.000000
281474976710655.000000	-30.849957	2735	0.000000
281474976710655.000000	-37.189331	2736	0.000000
281474976710655.000000	-40.444290	2737	0.000000
281474976710655.000000	-33.825325	2738	0.000000
281474976710655.000000	-37.074928	2739	0.000000
281474976710655.000000	-32.880337	2740	0.000000
281474976710655.000000	-32.798023	2741	0.000000
281474976710655.000000	-28.077446	2742	0.000000
281474976710655.000000	-32.319977	2743	0.000000
281474976710655.000000	-29.637157	2744	0.000000
281474976710655.000000	-28.175602	2745	0.000000
281474976710655.000000	-29.420795	2746	0.000000
281474976710655.000000	-30.623112	2747	0.000000
281474976710655.000000	-29.932289	2748	0.000000
281474976710655.000000	-30.316364	2749	0.000000
281474976710655.000000	-29.709263	2750	0.000000
281474976710655.000000	-31.352787	2751	0.000000
281474976710655.000000	-28.959591	2752	0.000000
281474976710655.000000	-27.757977	2753	0.000000
281474976710655.000000	-28.896624	2754	0.000000
281474976710655.000000	-25.683918	2755	0.000000
281474976710655.000000	-23.743258	2756	0.000000
281474976710655.000000	-25.606253	2757	0.000000
281474976710655.000000	-24.622004	2758	0.000000
281474976710655.000000	-24.393564	2759	0.000000
281474976710655.000000	-21.445383	2760	0.000000
281474976710655.000000	-27.615519	2761	0.000000
281474976710655.000000	-21.921459	2762	0.000000
281474976710655.000000	-26.505854	2763	0.000000
281474976710655.000000	-23.675255	2764	0.000000
281474976710655.000000	-23.217411	2765	0.000000
281474976710655.000000	-22.842136	2766	0.000000
281474976710655.000000	-22.214231	2767	0.000000
281474976710655.000000	-23.670429	2768	0.000000
281474976710655.000000	-20.894928	2769	0.000000
281474976710655.000000	-21.506708	2770	0.000000
281474976710655.000000	-19.499212	2771	0.000000
281474976710655.000000	-19.830210	2772	0.000000
281474976710655.000000	-18.640623	2773	0.000000
281474976710655.000000	-19.427490	2774	0.000000
281474976710655.000000	-20.817154	2775	0.000000
281474976710655.000000	-18.915838	2776	0.000000
281474976710655.000000	-19.688278	2777	0.000000
281474976710655.000000	-19.222645	2778	0.000000
281474976710655.000000	-20.178244	2779	0.000000
281474976710655.000000	-18.880423	2780	0.000000
