crossing time (s)	slope (V/s)	crossing number
281474976710655.000000	-108.445786	3656	0.000000
281474976710655.000000	-124.969368	3657	0.000000
281474976710655.000000	-125.420578	3658	0.000000
281474976710655.000000	-126.498932	3659	0.000000
281474976710655.000000	-60.769318	3660	0.000000
281474976710655.000000	-62.505241	3661	0.000000
281474976710655.000000	-118.641678	3662	0.000000
281474976710655.000000	-102.134483	3663	0.000000
281474976710655.000000	Inf	3664	0.000000
281474976710655.000000	-105.862267	3665	0.000000
281474976710655.000000	Inf	3666	0.000000
281474976710655.000000	-221.156342	3667	0.000000
281474976710655.000000	Inf	3668	0.000000
281474976710655.000000	-109.711700	3669	0.000000
281474976710655.000000	-109.292755	3670	0.000000
281474976710655.000000	-105.591759	3671	0.000000
281474976710655.000000	-110.640434	3672	0.000000
281474976710655.000000	-103.763779	3673	0.000000
281474976710655.000000	Inf	3674	0.000000
281474976710655.000000	-97.814377	3675	0.000000
281474976710655.000000	Inf	3676	0.000000
281474976710655.000000	-66.193672	3677	0.000000
281474976710655.000000	-97.520004	3678	0.000000
281474976710655.000000	-48.417217	3679	0.000000
281474976710655.000000	-98.759735	3680	0.000000
281474976710655.000000	-101.441559	3681	0.000000
281474976710655.000000	-196.450653	3682	0.000000
281474976710655.000000	-61.711533	3683	0.000000
281474976710655.000000	Inf	3684	0.000000
281474976710655.000000	-87.222351	3685	0.000000
281474976710655.000000	-171.984055	3686	0.000000
281474976710655.000000	-49.114677	3687	0.000000
281474976710655.000000	-90.109879	3688	0.000000
281474976710655.000000	-96.453056	3689	0.000000
281474976710655.000000	-88.654526	3690	0.000000
281474976710655.000000	-90.114319	3691	0.000000
281474976710655.000000	-79.430435	3692	0.000000
281474976710655.000000	-42.703632	3693	0.000000
281474976710655.000000	-80.688988	3694	0.000000
281474976710655.000000	-40.905807	3695	0.000000
281474976710655.000000	Inf	3696	0.000000
281474976710655.000000	-81.253838	3697	0.000000
281474976710655.000000	-85.087784	3698	0.000000
281474976710655.000000	-81.616562	3699	0.000000
281474976710655.000000	-41.169231	3700	0.000000
281474976710655.000000	-80.369949	3701	0.000000
281474976710655.000000	-38.544132	3702	0.000000
281474976710655.000000	-80.899536	3703	0.000000
281474976710655.000000	-52.474354	3704	0.000000
281474976710655.000000	-53.125774	3705	0.000000
281474976710655.000000	-37.459141	3706	0.000000
281474976710655.000000	-74.255959	3707	0.000000
281474976710655.000000	-75.911079	3708	0.000000
281474976710655.000000	-108.027664	3709	0.000000
281474976710655.000000	-73.131943	3710	0.000000
281474976710655.000000	-74.275757	3711	0.000000
281474976710655.000000	-45.015469	3712	0.000000
281474976710655.000000	-115.077034	3713	0.000000
281474976710655.000000	-68.731247	3714	0.000000
281474976710655.000000	-70.778839	3715	0.000000
281474976710655.000000	-45.389183	3716	0.000000
281474976710655.000000	-66.289452	3717	0.000000
281474976710655.000000	-145.300583	3718	0.000000
281474976710655.000000	-65.851570	3719	0.000000
281474976710655.000000	-65.301636	3720	0.000000
281474976710655.000000	-74.826042	3721	0.000000
281474976710655.000000	-62.168880	3722	0.000000
281474976710655.000000	-64.958557	3723	0.000000
281474976710655.000000	-46.554413	3724	0.000000
281474976710655.000000	-132.000061	3725	0.000000
281474976710655.000000	-62.391289	3726	0.000000
281474976710655.000000	-64.506042	3727	0.000000
281474976710655.000000	-42.737419	3728	0.000000
281474976710655.000000	-46.128494	3729	0.000000
281474976710655.000000	-61.324074	3730	0.000000
281474976710655.000000	-46.841095	3731	0.000000
281474976710655.000000	-64.089539	3732	0.000000
281474976710655.000000	-48.442257	3733	0.000000
281474976710655.000000	-61.533325	3734	0.000000
281474976710655.000000	-55.028591	3735	0.000000
281474976710655.000000	-63.155552	3736	0.000000
281474976710655.000000	-58.526974	3737	0.000000
281474976710655.000000	-45.025166	3738	0.000000
281474976710655.000000	-54.594658	3739	0.000000
281474976710655.000000	-56.695839	3740	0.000000
281474976710655.000000	-62.807053	3741	0.000000
281474976710655.000000	-38.980892	3742	0.000000
281474976710655.000000	-53.113308	3743	0.000000
281474976710655.000000	-57.829166	3744	0.000000
281474976710655.000000	-49.755764	3745	0.000000
281474976710655.000000	-41.211189	3746	0.000000
281474976710655.000000	-63.883678	3747	0.000000
281474976710655.000000	-57.128876	3748	0.000000
281474976710655.000000	-56.273132	3749	0.000000
281474976710655.000000	-47.759655	3750	0.000000
281474976710655.000000	-67.205193	3751	0.000000
281474976710655.000000	-65.328972	3752	0.000000
281474976710655.000000	-49.777561	3753	0.000000
281474976710655.000000	-42.853558	3754	0.000000
281474976710655.000000	-43.878300	3755	0.000000
281474976710655.000000	-35.314907	3756	0.000000
281474976710655.000000	-52.901005	3757	0.000000
281474976710655.000000	-43.162571	3758	0.000000
281474976710655.000000	-52.433548	3759	0.000000
281474976710655.000000	-41.885082	3760	0.000000
281474976710655.000000	-40.382259	3761	0.000000
281474976710655.000000	-35.394417	3762	0.000000
281474976710655.000000	-51.380577	3763	0.000000
281474976710655.000000	-45.955524	3764	0.000000
281474976710655.000000	-32.850780	3765	0.000000
281474976710655.000000	-33.516788	3766	0.000000
281474976710655.000000	-35.464382	3767	0.000000
281474976710655.000000	-33.678539	3768	0.000000
281474976710655.000000	-41.028080	3769	0.000000
281474976710655.000000	-39.305641	3770	0.000000
281474976710655.000000	-43.593452	3771	0.000000
281474976710655.000000	-37.328934	3772	0.000000
281474976710655.000000	-33.239956	3773	0.000000
281474976710655.000000	-32.991367	3774	0.000000
281474976710655.000000	-36.433258	3775	0.000000
281474976710655.000000	-28.585497	3776	0.000000
281474976710655.000000	-35.920425	3777	0.000000
281474976710655.000000	-33.898556	3778	0.000000
281474976710655.000000	-38.951862	3779	0.000000
281474976710655.000000	-36.827847	3780	0.000000
281474976710655.000000	-29.512205	3781	0.000000
281474976710655.000000	-31.835459	3782	0.000000
281474976710655.000000	-33.103992	3783	0.000000
281474976710655.000000	-21.166162	3784	0.000000
281474976710655.000000	-34.084145	3785	0.000000
281474976710655.000000	-29.761431	3786	0.000000
281474976710655.000000	-38.701023	3787	0.000000
281474976710655.000000	-34.892723	3788	0.000000
281474976710655.000000	-30.587450	3789	0.000000
281474976710655.000000	-31.327656	3790	0.000000
281474976710655.000000	-32.452217	3791	0.000000
281474976710655.000000	-30.648354	3792	0.000000
281474976710655.000000	-31.764080	3793	0.000000
281474976710655.000000	-26.484657	3794	0.000000
281474976710655.000000	-29.689114	3795	0.000000
281474976710655.000000	-28.705719	3796	0.000000
281474976710655.000000	-26.672947	3797	0.000000
281474976710655.000000	-28.761383	3798	0.000000
281474976710655.000000	-26.813883	3799	0.000000
