crossing time (s)	slope (V/s)	crossing number
281474976710655.000000	103.975342	3061	0.000000
281474976710655.000000	118.110161	3062	0.000000
281474976710655.000000	53.776054	3063	0.000000
281474976710655.000000	112.217445	3064	0.000000
281474976710655.000000	102.718735	3065	0.000000
281474976710655.000000	101.498466	3066	0.000000
281474976710655.000000	98.111443	3067	0.000000
281474976710655.000000	49.899567	3068	0.000000
281474976710655.000000	100.376984	3069	0.000000
281474976710655.000000	98.133125	3070	0.000000
281474976710655.000000	Inf	3071	0.000000
281474976710655.000000	47.761642	3072	0.000000
281474976710655.000000	92.789833	3073	0.000000
281474976710655.000000	84.330070	3074	0.000000
281474976710655.000000	60.827213	3075	0.000000
281474976710655.000000	169.405670	3076	0.000000
281474976710655.000000	170.583359	3077	0.000000
281474976710655.000000	40.986538	3078	0.000000
281474976710655.000000	85.808914	3079	0.000000
281474976710655.000000	39.727295	3080	0.000000
281474976710655.000000	75.222496	3081	0.000000
281474976710655.000000	77.949539	3082	0.000000
281474976710655.000000	39.064747	3083	0.000000
281474976710655.000000	76.498466	3084	0.000000
281474976710655.000000	68.124023	3085	0.000000
281474976710655.000000	155.499252	3086	0.000000
281474976710655.000000	67.438644	3087	0.000000
281474976710655.000000	47.439804	3088	0.000000
281474976710655.000000	50.942848	3089	0.000000
281474976710655.000000	50.103916	3090	0.000000
281474976710655.000000	63.633801	3091	0.000000
281474976710655.000000	121.545769	3092	0.000000
281474976710655.000000	61.022648	3093	0.000000
281474976710655.000000	45.823116	3094	0.000000
281474976710655.000000	69.418930	3095	0.000000
281474976710655.000000	52.787777	3096	0.000000
281474976710655.000000	58.685558	3097	0.000000
281474976710655.000000	41.396435	3098	0.000000
281474976710655.000000	58.185478	3099	0.000000
281474976710655.000000	44.861435	3100	0.000000
281474976710655.000000	41.927074	3101	0.000000
281474976710655.000000	39.006531	3102	0.000000
281474976710655.000000	84.446335	3103	0.000000
281474976710655.000000	40.039310	3104	0.000000
281474976710655.000000	42.774670	3105	0.000000
281474976710655.000000	42.572041	3106	0.000000
281474976710655.000000	39.699551	3107	0.000000
281474976710655.000000	53.884209	3108	0.000000
281474976710655.000000	44.537983	3109	0.000000
281474976710655.000000	37.445076	3110	0.000000
281474976710655.000000	41.135860	3111	0.000000
281474976710655.000000	43.130699	3112	0.000000
281474976710655.000000	40.074806	3113	0.000000
281474976710655.000000	37.851814	3114	0.000000
281474976710655.000000	31.830435	3115	0.000000
281474976710655.000000	42.600456	3116	0.000000
281474976710655.000000	46.738953	3117	0.000000
281474976710655.000000	33.328411	3118	0.000000
281474976710655.000000	35.555946	3119	0.000000
281474976710655.000000	31.004175	3120	0.000000
281474976710655.000000	37.711063	3121	0.000000
281474976710655.000000	31.460253	3122	0.000000
281474976710655.000000	30.618259	3123	0.000000
281474976710655.000000	30.053246	3124	0.000000
281474976710655.000000	28.457600	3125	0.000000
281474976710655.000000	31.669188	3126	0.000000
281474976710655.000000	29.590546	3127	0.000000
281474976710655.000000	26.945513	3128	0.000000
281474976710655.000000	29.173700	3129	0.000000
281474976710655.000000	27.678381	3130	0.000000
281474976710655.000000	27.803629	3131	0.000000
281474976710655.000000	25.487183	3132	0.000000
281474976710655.000000	29.663116	3133	0.000000
281474976710655.000000	27.424271	3134	0.000000
281474976710655.000000	25.131596	3135	0.000000
281474976710655.000000	22.130131	3136	0.000000
281474976710655.000000	23.574213	3137	0.000000
281474976710655.000000	23.259106	3138	0.000000
281474976710655.000000	21.666695	3139	0.000000
281474976710655.000000	20.165751	3140	0.000000
281474976710655.000000	23.951815	3141	0.000000
281474976710655.000000	21.337841	3142	0.000000
281474976710655.000000	22.442352	3143	0.000000
281474976710655.000000	19.777897	3144	0.000000
281474976710655.000000	21.123539	3145	0.000000
281474976710655.000000	19.491791	3146	0.000000
281474976710655.000000	19.768456	3147	0.000000
281474976710655.000000	18.238243	3148	0.000000
281474976710655.000000	18.929970	3149	0.000000
281474976710655.000000	17.646255	3150	0.000000
281474976710655.000000	17.672516	3151	0.000000
281474976710655.000000	16.738043	3152	0.000000
281474976710655.000000	17.752554	3153	0.000000
281474976710655.000000	15.938003	3154	0.000000
281474976710655.000000	16.379650	3155	0.000000
281474976710655.000000	16.073973	3156	0.000000
281474976710655.000000	15.999713	3157	0.000000
281474976710655.000000	14.797922	3158	0.000000
281474976710655.000000	15.016069	3159	0.000000
281474976710655.000000	14.130155	3160	0.000000
281474976710655.000000	14.851119	3161	0.000000
281474976710655.000000	13.437978	3162	0.000000
281474976710655.000000	13.920411	3163	0.000000
281474976710655.000000	13.174803	3164	0.000000
281474976710655.000000	12.972141	3165	0.000000
281474976710655.000000	12.202368	3166	0.000000
281474976710655.000000	12.129324	3167	0.000000
281474976710655.000000	11.670247	3168	0.000000
281474976710655.000000	11.834865	3169	0.000000
281474976710655.000000	11.045995	3170	0.000000
281474976710655.000000	11.031711	3171	0.000000
281474976710655.000000	10.860989	3172	0.000000
281474976710655.000000	10.639766	3173	0.000000
281474976710655.000000	10.113769	3174	0.000000
281474976710655.000000	10.137358	3175	0.000000
281474976710655.000000	9.843122	3176	0.000000
281474976710655.000000	9.618267	3177	0.000000
281474976710655.000000	9.030038	3178	0.000000
281474976710655.000000	9.107238	3179	0.000000
281474976710655.000000	8.834101	3180	0.000000
281474976710655.000000	9.003831	3181	0.000000
281474976710655.000000	7.411829	3182	0.000000
281474976710655.000000	8.383532	3183	0.000000
281474976710655.000000	7.987438	3184	0.000000
281474976710655.000000	8.079699	3185	0.000000
281474976710655.000000	7.528010	3186	0.000000
281474976710655.000000	7.705554	3187	0.000000
281474976710655.000000	7.161200	3188	0.000000
281474976710655.000000	7.207658	3189	0.000000
281474976710655.000000	6.860086	3190	0.000000
281474976710655.000000	7.045674	3191	0.000000
281474976710655.000000	6.440427	3192	0.000000
281474976710655.000000	6.606380	3193	0.000000
281474976710655.000000	6.130156	3194	0.000000
281474976710655.000000	6.286728	3195	0.000000
281474976710655.000000	5.874063	3196	0.000000
281474976710655.000000	6.033281	3197	0.000000
281474976710655.000000	5.583332	3198	0.000000
